Model,y_true,y_prob,y_pred
LogisticRegression,1,0.3536364341162507,0
LogisticRegression,1,0.6932196066355282,1
LogisticRegression,1,0.34543847282696627,0
LogisticRegression,1,0.9775530530603322,1
LogisticRegression,1,0.9072284316999024,1
LogisticRegression,0,0.27425942181873947,0
LogisticRegression,1,0.8319213659383248,1
LogisticRegression,0,0.44118881289553236,0
LogisticRegression,1,0.9370754948319401,1
LogisticRegression,0,0.30391849818485905,0
LogisticRegression,1,0.9367703933398489,1
LogisticRegression,1,0.8318805672285371,1
LogisticRegression,1,0.8988304329083465,1
LogisticRegression,0,0.21889986985257337,0
LogisticRegression,1,0.6401257345997818,1
LogisticRegression,0,0.3713494026921468,0
LogisticRegression,0,0.7766192420744523,1
LogisticRegression,0,0.713829015456541,1
LogisticRegression,0,0.6424376306623065,1
LogisticRegression,0,0.5695332022878017,1
LogisticRegression,0,0.5796153959501622,1
LogisticRegression,0,0.37566566216467506,0
LogisticRegression,1,0.7359888392212757,1
LogisticRegression,1,0.6967401009936499,1
LogisticRegression,1,0.7511432506432386,1
LogisticRegression,1,0.8405130993788867,1
LogisticRegression,0,0.5338122747169601,1
LogisticRegression,1,0.15184183249268576,0
LogisticRegression,1,0.2650041891683715,0
LogisticRegression,1,0.15298523536107414,0
LogisticRegression,1,0.18287591645741383,0
LogisticRegression,1,0.41613385487599425,0
LogisticRegression,1,0.21695856794637233,0
LogisticRegression,1,0.644734511032058,1
LogisticRegression,1,0.7750016549224776,1
LogisticRegression,1,0.4550336408094459,0
LogisticRegression,0,0.4274948435660734,0
LogisticRegression,0,0.29948592059031715,0
LogisticRegression,0,0.36036593623325697,0
LogisticRegression,1,0.9323659830665392,1
LogisticRegression,1,0.6818210793595848,1
LogisticRegression,0,0.7083517154815128,1
LogisticRegression,0,0.181164753471857,0
LogisticRegression,0,0.4125342341185141,0
LogisticRegression,0,0.3709263459684646,0
LogisticRegression,1,0.3745543681542642,0
LogisticRegression,1,0.8371751136548475,1
LogisticRegression,1,0.9107484019055739,1
LogisticRegression,1,0.9741585656355312,1
LogisticRegression,1,0.9450204933942167,1
LogisticRegression,1,0.9315005702589021,1
LogisticRegression,1,0.6763825762980095,1
LogisticRegression,1,0.7635749732650069,1
LogisticRegression,1,0.1143881152390428,0
LogisticRegression,0,0.21734510928722126,0
LogisticRegression,0,0.07100954153050237,0
LogisticRegression,0,0.19635132946256,0
LogisticRegression,0,0.04489519470219685,0
LogisticRegression,0,0.33139757613209636,0
LogisticRegression,0,0.2583845443808612,0
LogisticRegression,0,0.8558817325628106,1
LogisticRegression,0,0.23233923047091595,0
LogisticRegression,0,0.6581071043710364,1
LogisticRegression,0,0.41174291504065197,0
LogisticRegression,0,0.9997814628695719,1
LogisticRegression,0,0.46532341143560757,0
LogisticRegression,0,0.41913051706856885,0
LogisticRegression,0,0.45918402364555383,0
LogisticRegression,1,0.21618602516153018,0
LogisticRegression,1,0.45574809579263675,0
LogisticRegression,0,0.055286776451251,0
LogisticRegression,0,0.07356103526849479,0
LogisticRegression,1,0.12707369571043428,0
LogisticRegression,1,0.12076774749323715,0
LogisticRegression,1,0.28218295011822514,0
LogisticRegression,1,0.585235920818438,1
LogisticRegression,1,0.7425822664779432,1
LogisticRegression,1,0.7880694250912882,1
LogisticRegression,1,0.46030086661590436,0
LogisticRegression,1,0.5507428866652795,1
LogisticRegression,1,0.5452289748683338,1
LogisticRegression,1,0.48926519103182703,0
LogisticRegression,1,0.06571830127506792,0
LogisticRegression,1,0.5300372624437546,1
LogisticRegression,0,0.2788167825519336,0
LogisticRegression,1,0.3559127553579604,0
LogisticRegression,1,0.8354239582187494,1
LogisticRegression,1,0.5149893533068074,1
LogisticRegression,1,0.2958404586073276,0
LogisticRegression,1,0.46460637625857554,0
LogisticRegression,0,0.402494977855229,0
LogisticRegression,0,0.09748394668458964,0
LogisticRegression,1,0.5823403546117097,1
LogisticRegression,1,0.47853226485413913,0
LogisticRegression,1,0.6732224281928467,1
LogisticRegression,1,0.11116646660396581,0
LogisticRegression,1,0.4772141290432734,0
LogisticRegression,1,0.618473494683718,1
LogisticRegression,1,0.8366651822159997,1
LogisticRegression,0,0.3454931063509661,0
LogisticRegression,0,0.19682401841844094,0
LogisticRegression,1,0.46910662605202363,0
LogisticRegression,1,0.7723120885115282,1
LogisticRegression,1,0.3060528886133396,0
LogisticRegression,0,0.40367667624401044,0
LogisticRegression,0,0.4837867915788679,0
LogisticRegression,0,0.7052538363837783,1
LogisticRegression,0,0.48143983484105346,0
LogisticRegression,0,0.2881981407548081,0
LogisticRegression,0,0.23422024347542922,0
LogisticRegression,0,0.5309105653888481,1
LogisticRegression,0,0.5278127671411666,1
LogisticRegression,0,0.450624852916158,0
LogisticRegression,0,0.19792990160684537,0
SVM_RBF,1,0.25331863673842386,0
SVM_RBF,1,0.8295122944821078,1
SVM_RBF,1,0.35285209562320985,0
SVM_RBF,1,0.8004739292500269,1
SVM_RBF,1,0.9609772183465389,1
SVM_RBF,0,0.16082476149107308,0
SVM_RBF,1,0.8490584324158109,1
SVM_RBF,0,0.28909516217089026,0
SVM_RBF,1,0.9028701377597776,1
SVM_RBF,0,0.19302170457884757,0
SVM_RBF,1,0.9642655288848453,1
SVM_RBF,1,0.8597421220779271,1
SVM_RBF,1,0.9551411763844367,1
SVM_RBF,0,0.1721159306721701,0
SVM_RBF,1,0.7746629651065712,1
SVM_RBF,0,0.4669726976557491,0
SVM_RBF,0,0.7143496087033449,1
SVM_RBF,0,0.8843302678702559,1
SVM_RBF,0,0.6900997128012645,1
SVM_RBF,0,0.36183958414069,0
SVM_RBF,0,0.4832919618693719,0
SVM_RBF,0,0.256308378692965,0
SVM_RBF,1,0.7403696683615342,1
SVM_RBF,1,0.7199781877530483,1
SVM_RBF,1,0.7911647498192421,1
SVM_RBF,1,0.8780819693445017,1
SVM_RBF,0,0.5425549687464132,1
SVM_RBF,1,0.1540723248114362,0
SVM_RBF,1,0.24875724109957761,0
SVM_RBF,1,0.13991336192087903,0
SVM_RBF,1,0.166189441852956,0
SVM_RBF,1,0.3738871492829146,0
SVM_RBF,1,0.19549004429699596,0
SVM_RBF,1,0.7168104895886502,1
SVM_RBF,1,0.8555800384943898,1
SVM_RBF,1,0.4438349566978854,0
SVM_RBF,0,0.39607248936733935,0
SVM_RBF,0,0.26771953399666826,0
SVM_RBF,0,0.3434049979494186,0
SVM_RBF,1,0.8521510547310573,1
SVM_RBF,1,0.690287499927681,1
SVM_RBF,0,0.7158291179545602,1
SVM_RBF,0,0.4932649549873004,0
SVM_RBF,0,0.6106836038321614,1
SVM_RBF,0,0.42850636004896464,0
SVM_RBF,1,0.4388729786892002,0
SVM_RBF,1,0.7121875455289686,1
SVM_RBF,1,0.8155845059986755,1
SVM_RBF,1,0.8370314523913014,1
SVM_RBF,1,0.7385405361838295,1
SVM_RBF,1,0.8481962313959315,1
SVM_RBF,1,0.5972682406403589,1
SVM_RBF,1,0.691145795648314,1
SVM_RBF,1,0.2727383905186989,0
SVM_RBF,0,0.33420405005014625,0
SVM_RBF,0,0.3216558361875875,0
SVM_RBF,0,0.29705411423241007,0
SVM_RBF,0,0.3483305772795955,0
SVM_RBF,0,0.3726714749886818,0
SVM_RBF,0,0.3313593052106217,0
SVM_RBF,0,0.7311928133272027,1
SVM_RBF,0,0.4521582438013828,0
SVM_RBF,0,0.6775350386846658,1
SVM_RBF,0,0.5412317229555703,1
SVM_RBF,0,0.650169012844934,1
SVM_RBF,0,0.6534238617061093,1
SVM_RBF,0,0.3843847770155667,0
SVM_RBF,0,0.4749110565044982,0
SVM_RBF,1,0.20905241222878626,0
SVM_RBF,1,0.4574509247884134,0
SVM_RBF,0,0.1996646619258761,0
SVM_RBF,0,0.10828906629994818,0
SVM_RBF,1,0.20222373196559762,0
SVM_RBF,1,0.12947168422960523,0
SVM_RBF,1,0.29115143985883535,0
SVM_RBF,1,0.4614044816720961,0
SVM_RBF,1,0.7380621950364731,1
SVM_RBF,1,0.9172555512536417,1
SVM_RBF,1,0.4811813031979153,0
SVM_RBF,1,0.6515658969472111,1
SVM_RBF,1,0.5895842183756391,1
SVM_RBF,1,0.5933271445162444,1
SVM_RBF,1,0.1557227296485498,0
SVM_RBF,1,0.6181930218923604,1
SVM_RBF,0,0.21138067717929235,0
SVM_RBF,1,0.5265972341569497,1
SVM_RBF,1,0.8684507750381554,1
SVM_RBF,1,0.7002865265976751,1
SVM_RBF,1,0.2799993045980251,0
SVM_RBF,1,0.3065386391178658,0
SVM_RBF,0,0.34861735312576064,0
SVM_RBF,0,0.13758769598366657,0
SVM_RBF,1,0.8738690073485453,1
SVM_RBF,1,0.44122348303432407,0
SVM_RBF,1,0.5833205194891129,1
SVM_RBF,1,0.21900772511301997,0
SVM_RBF,1,0.3615487942000979,0
SVM_RBF,1,0.8849163805680639,1
SVM_RBF,1,0.8199746192616646,1
SVM_RBF,0,0.2204276892797702,0
SVM_RBF,0,0.1338159885595169,0
SVM_RBF,1,0.4601670967781184,0
SVM_RBF,1,0.8215904642712771,1
SVM_RBF,1,0.37004356641516367,0
SVM_RBF,0,0.531966645456159,1
SVM_RBF,0,0.512863885370919,1
SVM_RBF,0,0.8153534100697224,1
SVM_RBF,0,0.5309031606369045,1
SVM_RBF,0,0.19809010990152687,0
SVM_RBF,0,0.20989321976615252,0
SVM_RBF,0,0.5772490334173364,1
SVM_RBF,0,0.5294024662334945,1
SVM_RBF,0,0.5491019609633974,1
SVM_RBF,0,0.13987756178662836,0
SVM_Linear,1,0.3202271761100435,0
SVM_Linear,1,0.6864317551277147,1
SVM_Linear,1,0.4117156128388339,0
SVM_Linear,1,0.9423791933220343,1
SVM_Linear,1,0.8683320023735229,1
SVM_Linear,0,0.3040182135697938,0
SVM_Linear,1,0.7893855613040252,1
SVM_Linear,0,0.39737114914781857,0
SVM_Linear,1,0.8737599345000301,1
SVM_Linear,0,0.22050096438737649,0
SVM_Linear,1,0.9000132342857468,1
SVM_Linear,1,0.7900520392764829,1
SVM_Linear,1,0.8411434119338859,1
SVM_Linear,0,0.32995101037924857,0
SVM_Linear,1,0.6544722755634383,1
SVM_Linear,0,0.45249181017879675,0
SVM_Linear,0,0.7679229042708433,1
SVM_Linear,0,0.6545230177870108,1
SVM_Linear,0,0.5264277960545898,1
SVM_Linear,0,0.5990174480477086,1
SVM_Linear,0,0.5408992922245687,1
SVM_Linear,0,0.39867360288396925,0
SVM_Linear,1,0.6886826159686759,1
SVM_Linear,1,0.6397362722416766,1
SVM_Linear,1,0.6894448448360236,1
SVM_Linear,1,0.7640690169839394,1
SVM_Linear,0,0.5,1
SVM_Linear,1,0.19044983657218428,0
SVM_Linear,1,0.29043230434644146,0
SVM_Linear,1,0.1979169214429739,0
SVM_Linear,1,0.2234663150017514,0
SVM_Linear,1,0.40637829193097136,0
SVM_Linear,1,0.2385320556687034,0
SVM_Linear,1,0.5469406590880405,1
SVM_Linear,1,0.7202814250627705,1
SVM_Linear,1,0.4238567646337728,0
SVM_Linear,0,0.40705057809552153,0
SVM_Linear,0,0.3045802464894253,0
SVM_Linear,0,0.36621867140593023,0
SVM_Linear,1,0.8485647820862928,1
SVM_Linear,1,0.5944057603852382,1
SVM_Linear,0,0.6493206312945022,1
SVM_Linear,0,0.2700010903757932,0
SVM_Linear,0,0.41673216660819334,0
SVM_Linear,0,0.393281681710011,0
SVM_Linear,1,0.4900750259141891,0
SVM_Linear,1,0.5128370512602316,1
SVM_Linear,1,0.5311033836212689,1
SVM_Linear,1,0.5293719154298707,1
SVM_Linear,1,0.5154572636889271,1
SVM_Linear,1,0.5314459266527296,1
SVM_Linear,1,0.5057357356480879,1
SVM_Linear,1,0.5111748919227086,1
SVM_Linear,1,0.4431251680719372,0
SVM_Linear,0,0.458977529953882,0
SVM_Linear,0,0.4270717333510674,0
SVM_Linear,0,0.46087525964994236,0
SVM_Linear,0,0.4670253768371598,0
SVM_Linear,0,0.48561337303045193,0
SVM_Linear,0,0.4824226734014094,0
SVM_Linear,0,0.5147634781760414,1
SVM_Linear,0,0.45754539945553685,0
SVM_Linear,0,0.5,1
SVM_Linear,0,0.4897599975192783,0
SVM_Linear,0,0.5746785707082379,1
SVM_Linear,0,0.5,1
SVM_Linear,0,0.4079051565353921,0
SVM_Linear,0,0.4736024384573717,0
SVM_Linear,1,0.20082429685535955,0
SVM_Linear,1,0.4652407577018009,0
SVM_Linear,0,0.028671286351531596,0
SVM_Linear,0,0.050736133241687534,0
SVM_Linear,1,0.12529292072216525,0
SVM_Linear,1,0.1006691089343655,0
SVM_Linear,1,0.3412246554993169,0
SVM_Linear,1,0.4608240778502794,0
SVM_Linear,1,0.7311333250960536,1
SVM_Linear,1,0.828197988888641,1
SVM_Linear,1,0.4546001944146183,0
SVM_Linear,1,0.5479277508791215,1
SVM_Linear,1,0.5407242423550701,1
SVM_Linear,1,0.40605599568624645,0
SVM_Linear,1,0.04993973270028024,0
SVM_Linear,1,0.5226901363630325,1
SVM_Linear,0,0.25401139686550067,0
SVM_Linear,1,0.46463371795862796,0
SVM_Linear,1,0.8116773810906392,1
SVM_Linear,1,0.5721025662451915,1
SVM_Linear,1,0.26974633659357905,0
SVM_Linear,1,0.3325136669060223,0
SVM_Linear,0,0.416093882460547,0
SVM_Linear,0,0.08943136193815009,0
SVM_Linear,1,0.6436444795145804,1
SVM_Linear,1,0.5163246112161669,1
SVM_Linear,1,0.5881231217532019,1
SVM_Linear,1,0.1494821755213572,0
SVM_Linear,1,0.5,1
SVM_Linear,1,0.6680618278751772,1
SVM_Linear,1,0.5736805447364371,1
SVM_Linear,0,0.41410460209721717,0
SVM_Linear,0,0.29027188318284664,0
SVM_Linear,1,0.5350825761897066,1
SVM_Linear,1,0.7264604612784066,1
SVM_Linear,1,0.4494866945307419,0
SVM_Linear,0,0.5200385278177382,1
SVM_Linear,0,0.5091994830876506,1
SVM_Linear,0,0.7228756458179063,1
SVM_Linear,0,0.5703166036154,1
SVM_Linear,0,0.3591936460246018,0
SVM_Linear,0,0.34266417641630215,0
SVM_Linear,0,0.5856563849687341,1
SVM_Linear,0,0.5611072025965194,1
SVM_Linear,0,0.4502912866366605,0
SVM_Linear,0,0.2639758477954043,0
RandomForest,1,0.4105227709116056,0
RandomForest,1,0.6248747278969835,1
RandomForest,1,0.39863856718693486,0
RandomForest,1,0.5840288209721731,1
RandomForest,1,0.7785163661904393,1
RandomForest,0,0.41222631442364505,0
RandomForest,1,0.7907324137966885,1
RandomForest,0,0.44363067362340514,0
RandomForest,1,0.6408928347440171,1
RandomForest,0,0.2860423291112578,0
RandomForest,1,0.8774472361801644,1
RandomForest,1,0.6757217676890933,1
RandomForest,1,0.7541950263223199,1
RandomForest,0,0.35195849940881496,0
RandomForest,1,0.5671838579634766,1
RandomForest,0,0.4204669021193422,0
RandomForest,0,0.6011485103910907,1
RandomForest,0,0.6258303559463636,1
RandomForest,0,0.6016527143452624,1
RandomForest,0,0.41758371344401796,0
RandomForest,0,0.5558108094774749,1
RandomForest,0,0.41175526948883695,0
RandomForest,1,0.4929900699489339,0
RandomForest,1,0.833501540547505,1
RandomForest,1,0.8851900114204017,1
RandomForest,1,0.9191392594464263,1
RandomForest,0,0.634725457271481,1
RandomForest,1,0.16095502097360762,0
RandomForest,1,0.3395397622112784,0
RandomForest,1,0.16795094967812246,0
RandomForest,1,0.20957254201204534,0
RandomForest,1,0.254943472254213,0
RandomForest,1,0.1927060942235369,0
RandomForest,1,0.57011354063947,1
RandomForest,1,0.9072873218335333,1
RandomForest,1,0.431483585573801,0
RandomForest,0,0.34857748048379705,0
RandomForest,0,0.6268041261703512,1
RandomForest,0,0.41065130745598016,0
RandomForest,1,0.6646747534757802,1
RandomForest,1,0.6954688916041447,1
RandomForest,0,0.5766591432460886,1
RandomForest,0,0.44119264411394526,0
RandomForest,0,0.2755558920389687,0
RandomForest,0,0.45455466076266,0
RandomForest,1,0.3247781097270667,0
RandomForest,1,0.8163583478418909,1
RandomForest,1,0.8697868918068065,1
RandomForest,1,0.6827308511387138,1
RandomForest,1,0.6756121321152639,1
RandomForest,1,0.6720890011662913,1
RandomForest,1,0.6146976467382546,1
RandomForest,1,0.724395942288077,1
RandomForest,1,0.30246383117345405,0
RandomForest,0,0.3620895267375067,0
RandomForest,0,0.3478597240705101,0
RandomForest,0,0.48788440123108623,0
RandomForest,0,0.4986607747817002,0
RandomForest,0,0.29463409597620815,0
RandomForest,0,0.3373916658995085,0
RandomForest,0,0.7270509218437131,1
RandomForest,0,0.4234519861873003,0
RandomForest,0,0.6013962101965443,1
RandomForest,0,0.5214509444477361,1
RandomForest,0,0.8429796703409841,1
RandomForest,0,0.6179278333768703,1
RandomForest,0,0.6088518518518519,1
RandomForest,0,0.30690740740740735,0
RandomForest,1,0.2954806763285025,0
RandomForest,1,0.4346851851851851,0
RandomForest,0,0.20589417989417982,0
RandomForest,0,0.17856084656084653,0
RandomForest,1,0.40089682539682536,0
RandomForest,1,0.24900529100529098,0
RandomForest,1,0.30402246787029397,0
RandomForest,1,0.5576190476190478,1
RandomForest,1,0.5482407407407408,1
RandomForest,1,0.931111111111111,1
RandomForest,1,0.44850505050505046,0
RandomForest,1,0.6278333333333331,1
RandomForest,1,0.5428695652173914,1
RandomForest,1,0.8047619047619047,1
RandomForest,1,0.253589141936968,0
RandomForest,1,0.5401666666666667,1
RandomForest,0,0.22975845410628015,0
RandomForest,1,0.5946473429951691,1
RandomForest,1,0.7837777777777778,1
RandomForest,1,0.6682272727272728,1
RandomForest,1,0.19342512077294682,0
RandomForest,1,0.3342645502645502,0
RandomForest,0,0.3604697983176244,0
RandomForest,0,0.39144949494949494,0
RandomForest,1,0.981111111111111,1
RandomForest,1,0.22044987416169448,0
RandomForest,1,0.5184622507122507,1
RandomForest,1,0.17039682198892722,0
RandomForest,1,0.4218282560915391,0
RandomForest,1,1.0,1
RandomForest,1,0.9042411477411478,1
RandomForest,0,0.1153538256058669,0
RandomForest,0,0.41026759610322877,0
RandomForest,1,0.19605686294615918,0
RandomForest,1,0.97,1
RandomForest,1,0.0927148531041493,0
RandomForest,0,0.941111111111111,1
RandomForest,0,0.9834126984126986,1
RandomForest,0,0.9900000000000002,1
RandomForest,0,0.9777777777777777,1
RandomForest,0,0.1410394243208774,0
RandomForest,0,0.07703651111208182,0
RandomForest,0,0.9933333333333333,1
RandomForest,0,0.9614285714285715,1
RandomForest,0,0.23377917946583718,0
RandomForest,0,0.42506473213949525,0
GradientBoosting,1,0.5235983615022973,1
GradientBoosting,1,0.48936858298560304,0
GradientBoosting,1,0.44346828959687845,0
GradientBoosting,1,0.5331421997514978,1
GradientBoosting,1,0.5770696699933262,1
GradientBoosting,0,0.4675880035840458,0
GradientBoosting,1,0.5849456464028879,1
GradientBoosting,0,0.5531259886129972,1
GradientBoosting,1,0.5630579863455972,1
GradientBoosting,0,0.43438714211041346,0
GradientBoosting,1,0.6004853527905589,1
GradientBoosting,1,0.5630579863455972,1
GradientBoosting,1,0.5025373039308224,1
GradientBoosting,0,0.4675880035840458,0
GradientBoosting,1,0.48554646838378623,0
GradientBoosting,0,0.4381495258331101,0
GradientBoosting,0,0.5625724758646953,1
GradientBoosting,0,0.48554646838378623,0
GradientBoosting,0,0.47846819163736903,0
GradientBoosting,0,0.4434026119629147,0
GradientBoosting,0,0.5542095279549021,1
GradientBoosting,0,0.4637814966630101,0
GradientBoosting,1,0.5650071241782978,1
GradientBoosting,1,0.5922675787423844,1
GradientBoosting,1,0.5922675787423844,1
GradientBoosting,1,0.5922675787423844,1
GradientBoosting,0,0.5362330464412243,1
GradientBoosting,1,0.4228152061443547,0
GradientBoosting,1,0.4329923976521462,0
GradientBoosting,1,0.4228152061443547,0
GradientBoosting,1,0.4228152061443547,0
GradientBoosting,1,0.4283838877817493,0
GradientBoosting,1,0.4228152061443547,0
GradientBoosting,1,0.5694003256869785,1
GradientBoosting,1,0.5863920929589773,1
GradientBoosting,1,0.49663691938806165,0
GradientBoosting,0,0.4512812818169275,0
GradientBoosting,0,0.515107003903594,1
GradientBoosting,0,0.5012466504540091,1
GradientBoosting,1,0.5422382809812178,1
GradientBoosting,1,0.48760210392575465,0
GradientBoosting,0,0.5288711062647009,1
GradientBoosting,0,0.48344023132600483,0
GradientBoosting,0,0.4769491616841863,0
GradientBoosting,0,0.4884502913249601,0
GradientBoosting,1,0.19075270639939468,0
GradientBoosting,1,0.941109395080326,1
GradientBoosting,1,0.9565488127607996,1
GradientBoosting,1,0.8883602139454122,1
GradientBoosting,1,0.6897506317344171,1
GradientBoosting,1,0.8670029053130662,1
GradientBoosting,1,0.43052609147549586,0
GradientBoosting,1,0.7916854456683984,1
GradientBoosting,1,0.12956128556493668,0
GradientBoosting,0,0.30013937596887774,0
GradientBoosting,0,0.11071385188197876,0
GradientBoosting,0,0.44177368497088015,0
GradientBoosting,0,0.21180346523922608,0
GradientBoosting,0,0.3692755348804646,0
GradientBoosting,0,0.4308791698661413,0
GradientBoosting,0,0.8204070699881006,1
GradientBoosting,0,0.1720645416342004,0
GradientBoosting,0,0.6547069114736052,1
GradientBoosting,0,0.34572073191530006,0
GradientBoosting,0,0.9415846984579559,1
GradientBoosting,0,0.30103694835287736,0
GradientBoosting,0,0.46123235112653177,0
GradientBoosting,0,0.4241020937001487,0
GradientBoosting,1,0.43184256020139855,0
GradientBoosting,1,0.45289845915536403,0
GradientBoosting,0,0.43028206014622805,0
GradientBoosting,0,0.43028206014622805,0
GradientBoosting,1,0.524913212456011,1
GradientBoosting,1,0.43028206014622805,0
GradientBoosting,1,0.5066130302079437,1
GradientBoosting,1,0.5344637468371365,1
GradientBoosting,1,0.5645825280123519,1
GradientBoosting,1,0.5649282686238909,1
GradientBoosting,1,0.44890269934261917,0
GradientBoosting,1,0.5580627325028674,1
GradientBoosting,1,0.5513389747939595,1
GradientBoosting,1,0.49593856025521255,0
GradientBoosting,1,0.4465802377278238,0
GradientBoosting,1,0.4988893683012802,0
GradientBoosting,0,0.4409330613732904,0
GradientBoosting,1,0.5390472663960785,1
GradientBoosting,1,0.5909884586605381,1
GradientBoosting,1,0.5611918992243254,1
GradientBoosting,1,0.42836845271177115,0
GradientBoosting,1,0.4884398078565802,0
GradientBoosting,0,0.49912097028894853,0
GradientBoosting,0,0.4525276133691178,0
GradientBoosting,1,0.7849717891397219,1
GradientBoosting,1,0.3976934550067262,0
GradientBoosting,1,0.752612131311535,1
GradientBoosting,1,0.11388840855311014,0
GradientBoosting,1,0.33148332354011173,0
GradientBoosting,1,0.8698575589642809,1
GradientBoosting,1,0.8615910424491154,1
GradientBoosting,0,0.19993795779581508,0
GradientBoosting,0,0.2648580841146528,0
GradientBoosting,1,0.319581835577982,0
GradientBoosting,1,0.9399865928549455,1
GradientBoosting,1,0.11113909172330176,0
GradientBoosting,0,0.6557676756254204,1
GradientBoosting,0,0.8933414240866958,1
GradientBoosting,0,0.821342892645632,1
GradientBoosting,0,0.7716741321244446,1
GradientBoosting,0,0.2503814537666251,0
GradientBoosting,0,0.23433584744601074,0
GradientBoosting,0,0.8467936605222378,1
GradientBoosting,0,0.8237787130690408,1
GradientBoosting,0,0.2843321405458583,0
GradientBoosting,0,0.2843054724560174,0
ExtraTrees,1,0.45789059708440294,0
ExtraTrees,1,0.5299944038988487,1
ExtraTrees,1,0.47061739393225854,0
ExtraTrees,1,0.5025795768109043,1
ExtraTrees,1,0.5755274678087143,1
ExtraTrees,0,0.47882387306741697,0
ExtraTrees,1,0.5812035471197721,1
ExtraTrees,0,0.4715617096076385,0
ExtraTrees,1,0.5291814085595586,1
ExtraTrees,0,0.4639115822367545,0
ExtraTrees,1,0.5899193864548721,1
ExtraTrees,1,0.5388219442029047,1
ExtraTrees,1,0.5764302742471549,1
ExtraTrees,0,0.45322148130152634,0
ExtraTrees,1,0.5300254131676623,1
ExtraTrees,0,0.4785280475598345,0
ExtraTrees,0,0.4958807529765858,0
ExtraTrees,0,0.5200887054725488,1
ExtraTrees,0,0.5259332011003114,1
ExtraTrees,0,0.4996190205283482,0
ExtraTrees,0,0.5193289162922023,1
ExtraTrees,0,0.4893880330882888,0
ExtraTrees,1,0.6009894140743199,1
ExtraTrees,1,0.6699549227917554,1
ExtraTrees,1,0.724573154205358,1
ExtraTrees,1,0.7501761345921727,1
ExtraTrees,0,0.5186148823223808,1
ExtraTrees,1,0.1845719774295749,0
ExtraTrees,1,0.3737611552288766,0
ExtraTrees,1,0.2226496888701599,0
ExtraTrees,1,0.2658245777784548,0
ExtraTrees,1,0.3920427124718405,0
ExtraTrees,1,0.3098402521239299,0
ExtraTrees,1,0.6699835851979279,1
ExtraTrees,1,0.7533235357255245,1
ExtraTrees,1,0.39649399520960266,0
ExtraTrees,0,0.3804276598927393,0
ExtraTrees,0,0.4527224116763663,0
ExtraTrees,0,0.3893365522556833,0
ExtraTrees,1,0.6785582686993215,1
ExtraTrees,1,0.6189593795015075,1
ExtraTrees,0,0.5879492640482272,1
ExtraTrees,0,0.2869977679640331,0
ExtraTrees,0,0.5019057800303421,1
ExtraTrees,0,0.41960283501568346,0
ExtraTrees,1,0.4689674718338576,0
ExtraTrees,1,0.5631838232848988,1
ExtraTrees,1,0.6724796833834894,1
ExtraTrees,1,0.6080803479204088,1
ExtraTrees,1,0.6022783443316834,1
ExtraTrees,1,0.6279265747823652,1
ExtraTrees,1,0.5317803612053721,1
ExtraTrees,1,0.5799352839471801,1
ExtraTrees,1,0.4097280333160522,0
ExtraTrees,0,0.39927043793617584,0
ExtraTrees,0,0.4178330037560902,0
ExtraTrees,0,0.43492746905911217,0
ExtraTrees,0,0.45079139841282645,0
ExtraTrees,0,0.45615628787627466,0
ExtraTrees,0,0.44413175680590333,0
ExtraTrees,0,0.5976919907198278,1
ExtraTrees,0,0.44303021968088585,0
ExtraTrees,0,0.5420739754597558,1
ExtraTrees,0,0.5183678551673775,1
ExtraTrees,0,0.6736148375384398,1
ExtraTrees,0,0.4915086010472055,0
ExtraTrees,0,0.3795831564740933,0
ExtraTrees,0,0.3935918926732554,0
ExtraTrees,1,0.36582361360510446,0
ExtraTrees,1,0.3918159197641556,0
ExtraTrees,0,0.17488587254472207,0
ExtraTrees,0,0.23081181766703093,0
ExtraTrees,1,0.2939667460865267,0
ExtraTrees,1,0.2800671480674655,0
ExtraTrees,1,0.32383879120946857,0
ExtraTrees,1,0.4461764998282501,0
ExtraTrees,1,0.5302153035053988,1
ExtraTrees,1,0.8972591406879062,1
ExtraTrees,1,0.469153205418074,0
ExtraTrees,1,0.4535419545315073,0
ExtraTrees,1,0.5134112639856813,1
ExtraTrees,1,0.6950721989761819,1
ExtraTrees,1,0.28572897488486465,0
ExtraTrees,1,0.5005497060202148,1
ExtraTrees,0,0.3393458981985074,0
ExtraTrees,1,0.5024422295630028,1
ExtraTrees,1,0.8100314963160806,1
ExtraTrees,1,0.5880510909314304,1
ExtraTrees,1,0.3487019290764969,0
ExtraTrees,1,0.3976916853422318,0
ExtraTrees,0,0.4450012211828826,0
ExtraTrees,0,0.32022144983859635,0
ExtraTrees,1,0.9327172399210463,1
ExtraTrees,1,0.32998350731984105,0
ExtraTrees,1,0.5194517391596317,1
ExtraTrees,1,0.22275942231629514,0
ExtraTrees,1,0.29918526499757675,0
ExtraTrees,1,0.9551732838770901,1
ExtraTrees,1,0.6008844129362254,1
ExtraTrees,0,0.3264337960661805,0
ExtraTrees,0,0.3250488270733945,0
ExtraTrees,1,0.4342346810629148,0
ExtraTrees,1,0.7782063896426952,1
ExtraTrees,1,0.3978866371767235,0
ExtraTrees,0,0.7010570389338227,1
ExtraTrees,0,0.581733865379738,1
ExtraTrees,0,0.9025201039279547,1
ExtraTrees,0,0.7148163535008607,1
ExtraTrees,0,0.3096779790317639,0
ExtraTrees,0,0.31270292062818794,0
ExtraTrees,0,0.7513649529553365,1
ExtraTrees,0,0.6408954793962454,1
ExtraTrees,0,0.4401734899319593,0
ExtraTrees,0,0.3401914683543181,0
KNN,1,0.26666666666666666,0
KNN,1,0.8666666666666667,1
KNN,1,0.26666666666666666,0
KNN,1,0.8666666666666667,1
KNN,1,0.9333333333333333,1
KNN,0,0.2,0
KNN,1,0.8,1
KNN,0,0.3333333333333333,0
KNN,1,0.8,1
KNN,0,0.2,0
KNN,1,1.0,1
KNN,1,0.8,1
KNN,1,0.9333333333333333,1
KNN,0,0.2,0
KNN,1,0.8,1
KNN,0,0.26666666666666666,0
KNN,0,0.6666666666666666,1
KNN,0,0.8666666666666667,1
KNN,0,0.7333333333333333,1
KNN,0,0.4,0
KNN,0,0.4666666666666667,0
KNN,0,0.2,0
KNN,1,0.5,1
KNN,1,0.5,1
KNN,1,0.75,1
KNN,1,0.875,1
KNN,0,0.375,0
KNN,1,0.125,0
KNN,1,0.25,0
KNN,1,0.125,0
KNN,1,0.25,0
KNN,1,0.375,0
KNN,1,0.25,0
KNN,1,0.625,1
KNN,1,1.0,1
KNN,1,0.375,0
KNN,0,0.25,0
KNN,0,0.125,0
KNN,0,0.125,0
KNN,1,0.625,1
KNN,1,0.5,1
KNN,0,0.375,0
KNN,0,0.375,0
KNN,0,0.75,1
KNN,0,0.375,0
KNN,1,0.3143711569309834,0
KNN,1,0.8133567016791237,1
KNN,1,0.9248115335454817,1
KNN,1,1.0,1
KNN,1,1.0,1
KNN,1,0.9294093211674782,1
KNN,1,0.4189062838384228,0
KNN,1,0.6810391489229296,1
KNN,1,0.12331234296452856,0
KNN,0,0.2635382179951099,0
KNN,0,0.19561140896018078,0
KNN,0,0.09116666979099593,0
KNN,0,0.4301520423718687,0
KNN,0,0.5007237379576697,1
KNN,0,0.18261056180809543,0
KNN,0,0.5338456843754017,1
KNN,0,0.37635183103091374,0
KNN,0,0.7425281254273693,1
KNN,0,0.59504421270126,1
KNN,0,0.9166804039912994,1
KNN,0,0.817687141925906,1
KNN,0,0.7819848068852365,1
KNN,0,0.21156931613633215,0
KNN,1,0.0,0
KNN,1,0.2069553691920837,0
KNN,0,0.0,0
KNN,0,0.0,0
KNN,1,0.0,0
KNN,1,0.0,0
KNN,1,0.26005996209881227,0
KNN,1,0.48542464605264934,0
KNN,1,0.5117075952278948,1
KNN,1,1.0,1
KNN,1,0.24514472001345602,0
KNN,1,0.0,0
KNN,1,0.49369363743450767,0
KNN,1,0.5165874367694692,1
KNN,1,0.0,0
KNN,1,0.2299013829235061,0
KNN,0,0.21279699747385433,0
KNN,1,0.7578481477218517,1
KNN,1,1.0,1
KNN,1,0.5463023525455547,1
KNN,1,0.0,0
KNN,1,0.2467590763527789,0
KNN,0,0.550538720042941,1
KNN,0,0.0,0
KNN,1,1.0,1
KNN,1,0.0,0
KNN,1,0.7872967314885337,1
KNN,1,0.0,0
KNN,1,0.0,0
KNN,1,1.0,1
KNN,1,1.0,1
KNN,0,0.0,0
KNN,0,0.6299002767844634,1
KNN,1,0.7290389382680713,1
KNN,1,1.0,1
KNN,1,0.25811385494883055,0
KNN,0,0.5427716667905366,1
KNN,0,0.46865142490210776,0
KNN,0,1.0,1
KNN,0,1.0,1
KNN,0,0.0,0
KNN,0,0.2948922139578653,0
KNN,0,1.0,1
KNN,0,0.5315657071098696,1
KNN,0,0.5269934556587559,1
KNN,0,0.6136653764789063,1
NaiveBayes,1,0.7955702961406681,1
NaiveBayes,1,0.9991844319012634,1
NaiveBayes,1,0.35533304615854916,0
NaiveBayes,1,1.0,1
NaiveBayes,1,0.9999994611396761,1
NaiveBayes,0,0.9064498663324511,1
NaiveBayes,1,0.9999978751185112,1
NaiveBayes,0,0.8943133725302276,1
NaiveBayes,1,0.9999999998510631,1
NaiveBayes,0,0.9304120759357175,1
NaiveBayes,1,0.9999997153005481,1
NaiveBayes,1,0.9999034994092356,1
NaiveBayes,1,0.9999998594092602,1
NaiveBayes,0,0.7832473583381795,1
NaiveBayes,1,0.9960358431366595,1
NaiveBayes,0,0.9969923149091396,1
NaiveBayes,0,0.9996875611171072,1
NaiveBayes,0,0.9999681161673194,1
NaiveBayes,0,0.9999945606600631,1
NaiveBayes,0,0.9989039188018398,1
NaiveBayes,0,0.9737520399213185,1
NaiveBayes,0,0.9435833698697019,1
NaiveBayes,1,0.9999989034705149,1
NaiveBayes,1,0.9658360525586186,1
NaiveBayes,1,0.984866787256759,1
NaiveBayes,1,0.9985522930490464,1
NaiveBayes,0,0.8695418122708928,1
NaiveBayes,1,0.11938485639561285,0
NaiveBayes,1,0.6329713615684464,1
NaiveBayes,1,0.4059232239387699,0
NaiveBayes,1,0.29306499732277635,0
NaiveBayes,1,0.6572810757500912,1
NaiveBayes,1,0.3175873695506901,0
NaiveBayes,1,0.9999999999999929,1
NaiveBayes,1,0.9899317869508281,1
NaiveBayes,1,0.6966962971442763,1
NaiveBayes,0,0.8380354339298522,1
NaiveBayes,0,0.5437886840825573,1
NaiveBayes,0,0.9936698141832144,1
NaiveBayes,1,1.0,1
NaiveBayes,1,0.6774267775313755,1
NaiveBayes,0,0.977863294105833,1
NaiveBayes,0,1.3931805195500215e-79,0
NaiveBayes,0,0.9999999804171511,1
NaiveBayes,0,0.6375674107819557,1
NaiveBayes,1,0.015313789491294262,0
NaiveBayes,1,0.45459308301613965,0
NaiveBayes,1,0.9997228308931607,1
NaiveBayes,1,0.9588227391863121,1
NaiveBayes,1,0.00010893481652074247,0
NaiveBayes,1,0.9482741726556184,1
NaiveBayes,1,0.5173523588503409,1
NaiveBayes,1,0.16329704922460803,0
NaiveBayes,1,5.459045193289127e-09,0
NaiveBayes,0,4.5941993703922674e-05,0
NaiveBayes,0,5.171012431420216e-13,0
NaiveBayes,0,0.013413739145681712,0
NaiveBayes,0,2.2733889118594252e-80,0
NaiveBayes,0,0.006132600619794818,0
NaiveBayes,0,0.010852349916406274,0
NaiveBayes,0,0.9999999999704343,1
NaiveBayes,0,7.064736778768707e-25,0
NaiveBayes,0,0.2897128752351122,0
NaiveBayes,0,0.5995232163071184,1
NaiveBayes,0,1.0,1
NaiveBayes,0,0.05761321704267525,0
NaiveBayes,0,0.5386055600539795,1
NaiveBayes,0,0.821470556860122,1
NaiveBayes,1,0.36260427269425494,0
NaiveBayes,1,0.8084719445122879,1
NaiveBayes,0,1.1197366920406695e-08,0
NaiveBayes,0,0.0012994348070593333,0
NaiveBayes,1,4.932904422223439e-11,0
NaiveBayes,1,2.2015627219378782e-05,0
NaiveBayes,1,0.10096566769901705,0
NaiveBayes,1,0.8950410548088418,1
NaiveBayes,1,0.9633582778164838,1
NaiveBayes,1,0.9995289166313124,1
NaiveBayes,1,0.7405384483849221,1
NaiveBayes,1,0.958611345154866,1
NaiveBayes,1,0.8757787785436599,1
NaiveBayes,1,0.965703361910524,1
NaiveBayes,1,6.115459933308409e-10,0
NaiveBayes,1,0.9610766233295158,1
NaiveBayes,0,0.22680384748844512,0
NaiveBayes,1,0.7899094364796574,1
NaiveBayes,1,0.999740613435263,1
NaiveBayes,1,0.9699374418574093,1
NaiveBayes,1,0.5173821509723545,1
NaiveBayes,1,0.8435951269753079,1
NaiveBayes,0,0.2356090612493155,0
NaiveBayes,0,0.0017016463575868156,0
NaiveBayes,1,0.9999576613949875,1
NaiveBayes,1,0.8876313155794043,1
NaiveBayes,1,0.8635411174146078,1
NaiveBayes,1,8.483648060373904e-13,0
NaiveBayes,1,0.3956886641072992,0
NaiveBayes,1,0.9999697350359279,1
NaiveBayes,1,0.9999999999966036,1
NaiveBayes,0,0.10526302043494418,0
NaiveBayes,0,0.07521368290581942,0
NaiveBayes,1,0.9424480346148315,1
NaiveBayes,1,0.9998698634414801,1
NaiveBayes,1,0.07814895373159989,0
NaiveBayes,0,0.9974285714181947,1
NaiveBayes,0,0.9912338240206682,1
NaiveBayes,0,0.9999931451874977,1
NaiveBayes,0,0.9925804324547481,1
NaiveBayes,0,0.15167684838748355,0
NaiveBayes,0,0.05382954659562373,0
NaiveBayes,0,0.990630672062341,1
NaiveBayes,0,0.9811106022726964,1
NaiveBayes,0,0.0001696552263951277,0
NaiveBayes,0,0.026102083860299673,0
XGBoost,1,0.3558542728424072,0
XGBoost,1,0.8695529103279114,1
XGBoost,1,0.18112778663635254,0
XGBoost,1,0.7297203540802002,1
XGBoost,1,0.9513461589813232,1
XGBoost,0,0.456307977437973,0
XGBoost,1,0.9398204684257507,1
XGBoost,0,0.516178548336029,1
XGBoost,1,0.8454011678695679,1
XGBoost,0,0.1235683262348175,0
XGBoost,1,0.9694101810455322,1
XGBoost,1,0.870407223701477,1
XGBoost,1,0.9147471189498901,1
XGBoost,0,0.15902432799339294,0
XGBoost,1,0.4470028877258301,0
XGBoost,0,0.4818539023399353,0
XGBoost,0,0.7826741933822632,1
XGBoost,0,0.8523585200309753,1
XGBoost,0,0.7933427691459656,1
XGBoost,0,0.4418398141860962,0
XGBoost,0,0.7323190569877625,1
XGBoost,0,0.37119168043136597,0
XGBoost,1,0.9466780424118042,1
XGBoost,1,0.9729653000831604,1
XGBoost,1,0.9720882177352905,1
XGBoost,1,0.9929646253585815,1
XGBoost,0,0.4700194001197815,0
XGBoost,1,0.03869994729757309,0
XGBoost,1,0.10005929321050644,0
XGBoost,1,0.14082835614681244,0
XGBoost,1,0.17003485560417175,0
XGBoost,1,0.024165278300642967,0
XGBoost,1,0.012560571543872356,0
XGBoost,1,0.49278324842453003,0
XGBoost,1,0.9942485094070435,1
XGBoost,1,0.50971919298172,1
XGBoost,0,0.160284161567688,0
XGBoost,0,0.2800895869731903,0
XGBoost,0,0.12805023789405823,0
XGBoost,1,0.7606561183929443,1
XGBoost,1,0.751392662525177,1
XGBoost,0,0.6619673371315002,1
XGBoost,0,0.042948924005031586,0
XGBoost,0,0.05335291475057602,0
XGBoost,0,0.10908804833889008,0
XGBoost,1,0.24765096604824066,0
XGBoost,1,0.9779912829399109,1
XGBoost,1,0.9825354814529419,1
XGBoost,1,0.9374282956123352,1
XGBoost,1,0.885199785232544,1
XGBoost,1,0.921812117099762,1
XGBoost,1,0.46815142035484314,0
XGBoost,1,0.9443838000297546,1
XGBoost,1,0.05174524709582329,0
XGBoost,0,0.23470436036586761,0
XGBoost,0,0.06364835053682327,0
XGBoost,0,0.6525880098342896,1
XGBoost,0,0.22092124819755554,0
XGBoost,0,0.19219385087490082,0
XGBoost,0,0.38975790143013,0
XGBoost,0,0.9729154109954834,1
XGBoost,0,0.14639884233474731,0
XGBoost,0,0.8694120049476624,1
XGBoost,0,0.4701744019985199,0
XGBoost,0,0.988140344619751,1
XGBoost,0,0.670540988445282,1
XGBoost,0,0.8870298266410828,1
XGBoost,0,0.13462644815444946,0
XGBoost,1,0.275796502828598,0
XGBoost,1,0.633175790309906,1
XGBoost,0,0.06467768549919128,0
XGBoost,0,0.04999789595603943,0
XGBoost,1,0.28600019216537476,0
XGBoost,1,0.044599272310733795,0
XGBoost,1,0.053874365985393524,0
XGBoost,1,0.8989578485488892,1
XGBoost,1,0.6708146929740906,1
XGBoost,1,0.8999325633049011,1
XGBoost,1,0.24506421387195587,0
XGBoost,1,0.6382895708084106,1
XGBoost,1,0.8209446668624878,1
XGBoost,1,0.7734618186950684,1
XGBoost,1,0.04020772501826286,0
XGBoost,1,0.5155543684959412,1
XGBoost,0,0.07579939812421799,0
XGBoost,1,0.814147412776947,1
XGBoost,1,0.9768130779266357,1
XGBoost,1,0.6310333013534546,1
XGBoost,1,0.05665096268057823,0
XGBoost,1,0.09411979466676712,0
XGBoost,0,0.13542333245277405,0
XGBoost,0,0.2650505602359772,0
XGBoost,1,0.9634504318237305,1
XGBoost,1,0.18411441147327423,0
XGBoost,1,0.6688470840454102,1
XGBoost,1,0.04325413331389427,0
XGBoost,1,0.1644975244998932,0
XGBoost,1,0.9721989631652832,1
XGBoost,1,0.8948651552200317,1
XGBoost,0,0.13999301195144653,0
XGBoost,0,0.6635208129882812,1
XGBoost,1,0.14207787811756134,0
XGBoost,1,0.9617645740509033,1
XGBoost,1,0.09343955665826797,0
XGBoost,0,0.9510870575904846,1
XGBoost,0,0.9715524315834045,1
XGBoost,0,0.9605916738510132,1
XGBoost,0,0.9599987268447876,1
XGBoost,0,0.1917995661497116,0
XGBoost,0,0.06557304412126541,0
XGBoost,0,0.9653027057647705,1
XGBoost,0,0.9607078433036804,1
XGBoost,0,0.18960130214691162,0
XGBoost,0,0.7617800235748291,1
LightGBM,1,0.17878936687369834,0
LightGBM,1,0.9713870964178963,1
LightGBM,1,0.1916756845928623,0
LightGBM,1,0.9108008390558134,1
LightGBM,1,0.9827207770925366,1
LightGBM,0,0.30883009891455654,0
LightGBM,1,0.9934106797728883,1
LightGBM,0,0.1018964282590234,0
LightGBM,1,0.9685073659832104,1
LightGBM,0,0.047405431986696056,0
LightGBM,1,0.9988396547080701,1
LightGBM,1,0.9313748285043612,1
LightGBM,1,0.9233005613719467,1
LightGBM,0,0.007397505335598278,0
LightGBM,1,0.10217709051449608,0
LightGBM,0,0.09753464323170746,0
LightGBM,0,0.5803776013477624,1
LightGBM,0,0.6479288774607149,1
LightGBM,0,0.8825717381855536,1
LightGBM,0,0.9100639407906325,1
LightGBM,0,0.9359068986090282,1
LightGBM,0,0.36393488078511405,0
LightGBM,1,0.48868296883412365,0
LightGBM,1,0.7412696853318682,1
LightGBM,1,0.7314413960589827,1
LightGBM,1,0.7349187437728262,1
LightGBM,0,0.5906270471832292,1
LightGBM,1,0.2877148476201213,0
LightGBM,1,0.32232220505472636,0
LightGBM,1,0.27501548106562757,0
LightGBM,1,0.2834806827332777,0
LightGBM,1,0.45118039727514336,0
LightGBM,1,0.2756102100006918,0
LightGBM,1,0.5533016160889145,1
LightGBM,1,0.7419354200406172,1
LightGBM,1,0.5451355599840881,1
LightGBM,0,0.3205292394442006,0
LightGBM,0,0.5633982767330165,1
LightGBM,0,0.42832979898827767,0
LightGBM,1,0.6338574991797253,1
LightGBM,1,0.6197819112716714,1
LightGBM,0,0.5922022959085971,1
LightGBM,0,0.5451355599840881,1
LightGBM,0,0.27977271984771673,0
LightGBM,0,0.5281811567534904,1
LightGBM,1,0.36369250534446074,0
LightGBM,1,0.7106512039561361,1
LightGBM,1,0.7612413295752477,1
LightGBM,1,0.6901333952699384,1
LightGBM,1,0.6901333952699384,1
LightGBM,1,0.6901333952699384,1
LightGBM,1,0.47221487450581634,0
LightGBM,1,0.7002951350096083,1
LightGBM,1,0.30723539585540327,0
LightGBM,0,0.3572377653130737,0
LightGBM,0,0.30723539585540327,0
LightGBM,0,0.4700218328069556,0
LightGBM,0,0.5063819510077301,1
LightGBM,0,0.31933477311797986,0
LightGBM,0,0.422136772909419,0
LightGBM,0,0.6887145016797757,1
LightGBM,0,0.4886314995329316,0
LightGBM,0,0.5827715491643863,1
LightGBM,0,0.5723938068599828,1
LightGBM,0,0.7612413295752477,1
LightGBM,0,0.5723938068599828,1
LightGBM,0,0.9589060303211805,1
LightGBM,0,0.03634272646328231,0
LightGBM,1,0.27558691379752637,0
LightGBM,1,0.6963011061007481,1
LightGBM,0,0.05850783454934092,0
LightGBM,0,0.014993320217406125,0
LightGBM,1,0.17582213904691063,0
LightGBM,1,0.014119766725409936,0
LightGBM,1,0.013353603219492706,0
LightGBM,1,0.9942369097371198,1
LightGBM,1,0.9131527549575452,1
LightGBM,1,0.8782747461292981,1
LightGBM,1,0.24357728433667009,0
LightGBM,1,0.5807653049820163,1
LightGBM,1,0.8043066786409373,1
LightGBM,1,0.7709074776591477,1
LightGBM,1,0.016746083580146003,0
LightGBM,1,0.5713415397044439,1
LightGBM,0,0.03641207452745561,0
LightGBM,1,0.8357602842775425,1
LightGBM,1,0.9973737312841882,1
LightGBM,1,0.5757724896013285,1
LightGBM,1,0.019485728639079724,0
LightGBM,1,0.03006946110099699,0
LightGBM,0,0.06603883291721303,0
LightGBM,0,0.012829259454490705,0
LightGBM,1,0.7001490159940522,1
LightGBM,1,0.4539063744721332,0
LightGBM,1,0.4846382886926337,0
LightGBM,1,0.47421880402842403,0
LightGBM,1,0.4707948819963273,0
LightGBM,1,0.7001490159940522,1
LightGBM,1,0.47979491430528787,0
LightGBM,0,0.39468693718451436,0
LightGBM,0,0.4281067752991966,0
LightGBM,1,0.39713261900938385,0
LightGBM,1,0.6978516063503934,1
LightGBM,1,0.39550842627787186,0
LightGBM,0,0.6977494141171945,1
LightGBM,0,0.6978516063503934,1
LightGBM,0,0.7001490159940522,1
LightGBM,0,0.7001490159940522,1
LightGBM,0,0.38493145328606226,0
LightGBM,0,0.3823471325667441,0
LightGBM,0,0.7001490159940522,1
LightGBM,0,0.6954048274915797,1
LightGBM,0,0.4846382886926337,0
LightGBM,0,0.422235844870867,0
